   0.0000000e+00   1.0000000e+00
   1.0047546e-03   1.0490419e+00
   2.0095091e-03   1.0958990e+00
   3.0142637e-03   1.1408435e+00
   4.0190183e-03   1.1840960e+00
   9.0427912e-03   1.3806598e+00
   1.4066564e-02   1.5523528e+00
   1.9090337e-02   1.7069578e+00
   2.4114110e-02   1.8492817e+00
   3.5346346e-02   2.1349502e+00
   4.6578582e-02   2.3877176e+00
   5.7810819e-02   2.6176101e+00
   6.9043055e-02   2.8308974e+00
   9.4144628e-02   3.2638201e+00
   1.1924620e-01   3.6532523e+00
   1.4434777e-01   4.0132524e+00
   1.6944935e-01   4.3526252e+00
   2.2388658e-01   5.0396335e+00
   2.7832381e-01   5.6825864e+00
   3.3276105e-01   6.3003949e+00
   3.8719828e-01   6.9047658e+00
   5.0270492e-01   8.1702782e+00
   6.1821156e-01   9.4406055e+00
   7.3371819e-01   1.0735778e+01
   8.4922483e-01   1.2064653e+01
   1.1215341e+00   1.5329739e+01
   1.3938434e+00   1.8713208e+01
   1.6661527e+00   2.2092026e+01
   1.9384620e+00   2.5310882e+01
   2.4867149e+00   3.0637330e+01
   3.0349679e+00   3.3492407e+01
   3.5832209e+00   3.3399176e+01
   4.1314738e+00   3.0696659e+01
   4.7691637e+00   2.5691028e+01
   5.4068536e+00   2.1274613e+01
   6.0445435e+00   1.9598234e+01
   6.6822334e+00   2.1648086e+01
   7.3423444e+00   2.7419702e+01
   8.0024555e+00   3.4787486e+01
   8.6625666e+00   4.1316229e+01
   9.3226777e+00   4.4860122e+01
   1.0007647e+01   4.3928103e+01
   1.0692617e+01   3.9469874e+01
   1.1377586e+01   3.3787892e+01
   1.2062556e+01   2.9732533e+01
   1.2805422e+01   3.0147399e+01
   1.3548289e+01   3.5340145e+01
   1.4291156e+01   4.3230943e+01
   1.5034023e+01   5.0418930e+01
   1.5749825e+01   5.3210385e+01
   1.6465627e+01   5.1237827e+01
   1.7181429e+01   4.5764154e+01
   1.7897230e+01   3.9722152e+01
   1.8651726e+01   3.6776613e+01
   1.9406222e+01   3.9007569e+01
   2.0160718e+01   4.5707511e+01
   2.0915214e+01   5.3881083e+01
   2.1669710e+01   5.9248481e+01
   2.2424206e+01   5.9524570e+01
   2.3178702e+01   5.4910270e+01
   2.3933197e+01   4.8166722e+01
   2.4741541e+01   4.3488563e+01
   2.5549885e+01   4.4419165e+01
   2.6358229e+01   5.0892730e+01
   2.7166573e+01   5.9600108e+01
   2.7974917e+01   6.5271420e+01
   2.8783261e+01   6.5156042e+01
   2.9591605e+01   5.9680010e+01
   3.0399949e+01   5.2454438e+01
   3.1177038e+01   4.8844208e+01
   3.1954127e+01   5.0663008e+01
   3.2731216e+01   5.7316577e+01
   3.3508305e+01   6.5577309e+01
   3.4285394e+01   7.0743531e+01
   3.5062483e+01   7.0491230e+01
   3.5839572e+01   6.5250545e+01
   3.6616661e+01   5.8206646e+01
   3.7510441e+01   5.4053428e+01
   3.8404221e+01   5.6839633e+01
   3.9298002e+01   6.5161748e+01
   4.0191782e+01   7.3754377e+01
   4.0981842e+01   7.6073090e+01
   4.1771901e+01   7.2819209e+01
   4.2561961e+01   6.6087705e+01
   4.3352021e+01   5.9946239e+01
   4.4142960e+01   5.8973820e+01
   4.4933899e+01   6.3532070e+01
   4.5724838e+01   7.1432324e+01
   4.6515778e+01   7.8624029e+01
   4.7292801e+01   8.0627478e+01
   4.8069825e+01   7.7251009e+01
   4.8846848e+01   7.0572848e+01
   4.9623872e+01   6.4482141e+01
   5.0415806e+01   6.3378751e+01
   5.1207740e+01   6.7834630e+01
   5.1999675e+01   7.5694664e+01
   5.2791609e+01   8.2900330e+01
   5.3576775e+01   8.4916851e+01
   5.4361942e+01   8.1457659e+01
   5.5147109e+01   7.4672093e+01
   5.5932276e+01   6.8566239e+01
   5.6728087e+01   6.7632375e+01
   5.7523898e+01   7.2268058e+01
   5.8319709e+01   8.0182440e+01
   5.9115520e+01   8.7236550e+01
   5.9906597e+01   8.8902561e+01
   6.0697674e+01   8.5090635e+01
   6.1488751e+01   7.8165083e+01
   6.2279827e+01   7.2247203e+01
   6.3076473e+01   7.1785930e+01
   6.3873118e+01   7.6802539e+01
   6.4669763e+01   8.4771554e+01
   6.5466408e+01   9.1504847e+01
   6.6261749e+01   9.2608686e+01
   6.7057089e+01   8.8314271e+01
   6.7852430e+01   8.1271982e+01
   6.8647771e+01   7.5691170e+01
   6.9445099e+01   7.5872568e+01
   7.0242428e+01   8.1370658e+01
   7.1039756e+01   8.9369511e+01
   7.1837085e+01   9.5650263e+01
   7.2636466e+01   9.6028817e+01
   7.3435848e+01   9.1170135e+01
   7.4235229e+01   8.4063346e+01
   7.5034610e+01   7.8975312e+01
   7.5833552e+01   7.9961506e+01
   7.6632493e+01   8.6019468e+01
   7.7431434e+01   9.3991719e+01
   7.8230376e+01   9.9654635e+01
   7.9034453e+01   9.9119887e+01
   7.9838531e+01   9.3621771e+01
   8.0642609e+01   8.6544913e+01
   8.1446687e+01   8.2166285e+01
   8.2248994e+01   8.4167877e+01
   8.3051302e+01   9.0863337e+01
   8.3853610e+01   9.8693248e+01
   8.4655918e+01   1.0348186e+02
   8.5466570e+01   1.0177289e+02
   8.6277222e+01   9.5560496e+01
   8.7087874e+01   8.8695895e+01
   8.7898526e+01   8.5376818e+01
   8.8707719e+01   8.8708018e+01
   8.9516912e+01   9.6113215e+01
   9.0326105e+01   1.0355149e+02
   9.1135297e+01   1.0701217e+02
   9.1957231e+01   1.0372149e+02
   9.2779165e+01   9.6747492e+01
   9.3601099e+01   9.0500110e+01
   9.4423033e+01   8.8893916e+01
   9.5247886e+01   9.4076760e+01
   9.6072740e+01   1.0219006e+02
   9.6897594e+01   1.0860872e+02
   9.7722448e+01   1.0980270e+02
   9.8291836e+01   1.0676607e+02
   9.8861224e+01   1.0186867e+02
   9.9430612e+01   9.6681566e+01
   1.0000000e+02   9.2854917e+01
